438661
15662
74643
596284
58045
194436
469237
782138
417099
1460310
5705211
4820112
1924813
9847614
9845415
7042216
2153617
3663718
284419
8662320
8836621
7120422
292023
831324
6861825
9334226
1614727
5140928
5904429
6123930
4937131
2566732
511133
9985434
8883235
7651436
2540437
7015438
1539539
2150240
2678641
3102342
1791743
8758144
5169445
6697746
6074347
2769748
1244549
1124750
6262551
7222352
8518753
632454
8567655
1199356
9678657
933658
449659
2850260
5201661
3049762
2029763
7588864
8277665
1119366
2867067
9165168
418969
4724170
5176871
9251572
4307373
7430974
3100975
4448576
509277
8542378
4164679
5017480
5857581
5362182
1294283
1344184
8859185
5992086
1819087
1987288
8265289
4072490
7557891
1850692
7347693
6683194
4492595
7070696
5108797
9245598
5642299
35505100
13320101
38814102
76088103
29706104
94697105
6311106
45834107
6246108
96475109
84116110
15636111
52480112
31546113
74535114
10590115
48151116
73575117
96160118
89006119
16339120
37885121
54174122
65757123
53241124
75374125
31794126
99785127
79117128
95916129
98666130
14874131
30944132
49171133
33014134
51909135
36471136
20540137
96596138
21320139
95450140
46009141
33526142
2834143
15712144
99848145
28941146
91383147
93616148
45781149
74166150
13044151
43642152
7000153
55181154
4954155
72204156
46491157
8751158
62272159
33454160
88514161
36409162
93038163
45673164
93760165
81201166
96092167
54832168
61731169
91562170
77306171
85590172
16906173
60079174
34705175
30217176
87434177
93239178
2274179
54461180
62420181
56691182
66603183
28365184
72798185
84178186
90032187
74414188
13057189
4413190
34721191
17028192
13020193
92881194
22657195
51850196
23347197
28916198
HelloWorld
